0.0 122.9999999407153 122.9999999407153 1382638490653
123.9999999407153 122.9999999407153 122.9999999407153 1382638490654
123.9999999407153 122.9999999407153 121.58578661767876 1382638490691
122.58578661767876 121.58578661767876 121.58578661767876 1382638490691
122.58578661767876 121.58578661767876 121.0 1382638490725
122.0 121.0 121.0 1382638490725
122.0 121.0 121.58578648797969 1382638490789
122.58578648797969 121.58578648797969 121.58578648797969 1382638490789
122.58578648797969 121.58578648797969 121.00000000000001 1382638491009
122.00000000000001 121.00000000000001 121.00000000000001 1382638491009
122.58578639807386 121.58578639807386 121.58578639807386 1382638491023
124.00000010698423 123.00000010698423 123.00000010698423 1382638491043
124.00000010698423 124.41421341604989 124.41421341604989 1382638491063
125.41421341604989 124.41421341604989 124.41421341604989 1382638491063
126.0 125.0 125.0 1382638491083
125.41421347829166 124.41421347829166 124.41421347829166 1382638491103
125.41421347829166 124.41421347829166 123.00000019500737 1382638491123
124.00000019500737 123.00000019500737 123.00000019500737 1382638491123
122.58578646031562 121.58578646031562 121.58578646031562 1382638491238
122.0 121.0 121.0 1382638491269
122.58578655022146 121.58578655022146 121.58578655022146 1382638491489
122.0 121.0 121.0 1382638491497
122.58578621826223 121.0 121.0 1382638491517
122.58578621826223 121.58578621826223 121.58578621826223 1382638491517
123.99999985269216 121.58578621826223 121.58578621826223 1382638491537
123.99999985269216 122.99999985269216 122.99999985269216 1382638491538
125.41421357341304 122.99999985269216 122.99999985269216 1382638491557
125.41421357341304 124.41421357341304 124.41421357341304 1382638491557
125.41421357341304 124.99999999999997 124.99999999999997 1382638491577
125.99999999999997 124.99999999999997 124.99999999999997 1382638491577
123.99999997246229 122.99999997246229 122.99999997246229 1382638491671
122.5857866401273 121.5857866401273 121.5857866401273 1382638491672
122.0 121.5857866401273 121.5857866401273 1382638491720
122.0 121.0 121.0 1382638491720
122.58578646553117 121.58578646553117 121.58578646553117 1382638491782
123.99999972554612 121.58578646553117 121.58578646553117 1382638491802
123.99999972554612 122.99999972554612 122.99999972554612 1382638491802
125.41421348350721 122.99999972554612 122.99999972554612 1382638491822
125.41421348350721 124.41421348350721 124.41421348350721 1382638491822
126.0 125.0 125.0 1382638491842
126.0 125.0 124.41421374800912 1382638491862
125.41421374800912 124.41421374800912 124.41421374800912 1382638491862
125.41421374800912 124.41421374800912 123.00000009960833 1382638491883
124.00000009960833 123.00000009960833 123.00000009960833 1382638491883
122.58578639285831 123.00000009960833 123.00000009960833 1382638491902
122.58578639285831 121.58578639285831 121.58578639285831 1382638491902
122.00000000000001 121.58578639285831 121.58578639285831 1382638491922
122.00000000000001 121.00000000000001 121.00000000000001 1382638491922
122.58578637562535 121.00000000000001 121.00000000000001 1382638491942
122.58578637562535 121.58578637562535 121.58578637562535 1382638491942
124.00000007523722 121.58578637562535 121.58578637562535 1382638491962
124.00000007523722 123.00000007523722 123.00000007523722 1382638491962
125.41421339360137 124.41421339360137 124.41421339360137 1382638491982
126.0 124.41421339360137 124.41421339360137 1382638492002
126.0 125.0 125.0 1382638492002
125.41421350074017 124.41421350074017 124.41421350074017 1382638492022
124.00000022675437 124.41421350074017 124.41421350074017 1382638492042
124.00000022675437 123.00000022675437 123.00000022675437 1382638492043
122.58578648276414 123.00000022675437 123.00000022675437 1382638492081
122.58578648276414 121.58578648276414 121.58578648276414 1382638492081
122.0 121.58578648276414 121.58578648276414 1382638492101
122.0 121.0 121.0 1382638492101
122.58578628571952 121.0 121.0 1382638492121
122.58578628571952 121.58578628571952 121.58578628571952 1382638492121
123.99999994809119 121.58578628571952 121.58578628571952 1382638492141
123.99999994809119 122.99999994809119 122.99999994809119 1382638492141
125.41421364087034 122.99999994809119 122.99999994809119 1382638492161
125.41421364087034 124.41421364087034 124.41421364087034 1382638492161
125.99999999999999 124.99999999999999 124.99999999999999 1382638492181
125.414213590646 124.99999999999999 124.99999999999999 1382638492201
125.414213590646 124.414213590646 124.414213590646 1382638492201
123.99999987706325 122.99999987706325 122.99999987706325 1382638492306
122.58578657266997 121.58578657266997 122.99999987706325 1382638492326
122.58578657266997 121.58578657266997 121.58578657266997 1382638492326
122.0 121.58578657266997 121.0 1382638492349
122.0 121.0 121.0 1382638492350
123.99999982094515 122.99999982094515 122.99999982094515 1382638492454
125.41421355096452 124.41421355096452 124.41421355096452 1382638492454
126.0 125.0 125.0 1382638492505
125.41421368055182 124.41421368055182 125.0 1382638492525
125.41421368055182 124.41421368055182 124.41421368055182 1382638492525
125.41421368055182 124.41421368055182 123.00000000420928 1382638492545
124.00000000420928 123.00000000420928 123.00000000420928 1382638492545
122.58578644308265 121.58578644308265 121.58578644308265 1382638492606
123.99999969379911 122.99999969379911 122.99999969379911 1382638492658
125.4142134610587 124.4142134610587 124.4142134610587 1382638492696
126.0 124.4142134610587 124.4142134610587 1382638492799
126.0 125.0 125.0 1382638492799
125.41421377045764 125.0 125.0 1382638492819
125.41421377045764 124.41421377045764 124.41421377045764 1382638492819
125.41421377045764 123.00000013135532 123.00000013135532 1382638492924
124.00000013135532 123.00000013135532 123.00000013135532 1382638492924
124.00000013135532 123.00000013135532 121.58578641530683 1382638492944
122.58578641530683 121.58578641530683 121.58578641530683 1382638492944
122.58578641530683 121.58578641530683 121.00000000000001 1382638493057
122.00000000000001 121.00000000000001 121.00000000000001 1382638493057
122.00000000000001 121.00000000000001 121.58578635317683 1382638493077
122.58578635317683 121.58578635317683 121.58578635317683 1382638493077
124.00000004349023 123.00000004349023 123.00000004349023 1382638493097
125.41421337115285 123.00000004349023 123.00000004349023 1382638493125
125.41421337115285 124.41421337115285 124.41421337115285 1382638493126
126.0 124.41421337115285 124.41421337115285 1382638493145
126.0 125.0 125.0 1382638493145
125.41421352318869 125.0 125.0 1382638493208
125.41421352318869 124.41421352318869 124.41421352318869 1382638493208
124.00000025850136 124.41421352318869 124.41421352318869 1382638493291
124.00000025850136 123.00000025850136 123.00000025850136 1382638493291
122.58578650521265 123.00000025850136 123.00000025850136 1382638493313
122.58578650521265 121.58578650521265 121.58578650521265 1382638493313
122.58578650521265 121.58578650521265 121.0 1382638493333
122.0 121.0 121.0 1382638493333
122.0 121.0 122.9999999163442 1382638493375
123.9999999163442 122.9999999163442 122.9999999163442 1382638493375
125.41421361842183 124.41421361842183 124.41421361842183 1382638493439
125.41421361842183 124.99999999999999 124.99999999999999 1382638493486
125.99999999999999 124.99999999999999 124.99999999999999 1382638493487
125.99999999999999 124.41421361309452 124.41421361309452 1382638493506
125.41421361309452 124.41421361309452 124.41421361309452 1382638493506
125.41421361309452 124.41421361309452 122.99999990881024 1382638493526
123.99999990881024 122.99999990881024 122.99999990881024 1382638493526
122.58578659511849 121.58578659511849 121.58578659511849 1382638493546
122.0 121.0 121.0 1382638493566
122.0 121.0 121.58578651053996 1382638493669
122.58578651053996 121.58578651053996 121.58578651053996 1382638493670
122.58578651053996 121.58578651053996 122.99999978919816 1382638493689
123.99999978919816 122.99999978919816 122.99999978919816 1382638493689
123.99999978919816 124.414213528516 124.414213528516 1382638493709
125.414213528516 124.414213528516 124.414213528516 1382638493709
125.414213528516 125.0 125.0 1382638493729
126.0 125.0 125.0 1382638493730
125.41421370300033 124.41421370300033 124.41421370300033 1382638493749
124.00000003595628 123.00000003595628 123.00000003595628 1382638493769
124.00000003595628 121.58578634784952 121.58578634784952 1382638493803
122.58578634784952 121.58578634784952 121.58578634784952 1382638493803
122.00000000000001 121.00000000000001 121.00000000000001 1382638493910
122.58578642063414 121.58578642063414 121.58578642063414 1382638493979
124.00000013888928 121.58578642063414 121.58578642063414 1382638494077
124.00000013888928 123.00000013888928 123.00000013888928 1382638494078
125.41421343861018 124.41421343861018 124.41421343861018 1382638494096
126.0 124.41421343861018 124.41421343861018 1382638494116
126.0 125.0 125.0 1382638494116
125.41421345573137 125.0 125.0 1382638494136
125.41421345573137 124.41421345573137 124.41421345573137 1382638494137
125.41421345573137 123.00000001174324 123.00000001174324 1382638494248
124.00000001174324 123.00000001174324 123.00000001174324 1382638494248
124.00000001174324 124.41421334870434 124.41421334870434 1382638494298
126.0 125.0 125.0 1382638494299
123.9999999407153 0.0 0.0 1382638528907
123.9999999407153 122.9999999407153 122.9999999407153 1382638528908
122.58578661767876 121.58578661767876 121.58578661767876 1382638528967
122.58578661767876 121.0 121.0 1382638529125
122.0 121.0 121.0 1382638529125
123.99999975729311 122.99999975729311 122.99999975729311 1382638529325
125.41421350595571 124.41421350595571 124.41421350595571 1382638529364
126.0 124.41421350595571 124.41421350595571 1382638529414
126.0 125.0 125.0 1382638529414
124.00000006786134 123.00000006786134 123.00000006786134 1382638529574
122.58578637040979 121.58578637040979 121.58578637040979 1382638529574
122.00000000000001 121.00000000000001 121.00000000000001 1382638529615
122.58578639807386 121.58578639807386 121.58578639807386 1382638529666
122.58578639807386 125.0 125.0 1382638529870
125.41421347829166 124.41421347829166 124.41421347829166 1382638529870
124.00000019500737 123.00000019500737 123.00000019500737 1382638529920
124.00000019500737 123.00000019500737 121.0 1382638530150
122.0 121.0 121.0 1382638530150
122.58578630816804 121.58578630816804 121.58578630816804 1382638530155
123.9999999798382 121.58578630816804 121.58578630816804 1382638530205
123.9999999798382 122.9999999798382 122.9999999798382 1382638530206
124.00000032215341 123.00000032215341 123.00000032215341 1382638530415
122.58578655022146 121.58578655022146 121.58578655022146 1382638530455
122.0 121.58578655022146 121.58578655022146 1382638530505
122.0 121.0 121.0 1382638530506
122.0 121.0 121.58578621826223 1382638530729
123.99999985269216 122.99999985269216 122.99999985269216 1382638530729
125.41421357341304 124.41421357341304 124.41421357341304 1382638530779
125.41421365810331 124.41421365810331 124.41421365810331 1382638530953
123.99999997246229 122.99999997246229 122.99999997246229 1382638531014
123.99999997246229 121.58578646553117 121.58578646553117 1382638531182
122.58578646553117 121.58578646553117 121.58578646553117 1382638531182
123.99999972554612 121.58578646553117 121.58578646553117 1382638531214
123.99999972554612 122.99999972554612 122.99999972554612 1382638531215
125.41421348350721 122.99999972554612 122.99999972554612 1382638531264
125.41421348350721 124.41421348350721 124.41421348350721 1382638531264
125.41421348350721 124.41421348350721 124.41421374800912 1382638531398
125.41421374800912 124.41421374800912 124.41421374800912 1382638531398
124.00000009960833 123.00000009960833 123.00000009960833 1382638531476
124.00000007523722 123.00000007523722 123.00000007523722 1382638531727
125.41421339360137 123.00000007523722 123.00000007523722 1382638531770
125.41421339360137 124.41421339360137 124.41421339360137 1382638531771
126.0 124.41421339360137 124.41421339360137 1382638531820
126.0 125.0 125.0 1382638531821
126.0 125.0 123.00000022675437 1382638532085
124.00000022675437 123.00000022675437 123.00000022675437 1382638532086
124.00000022675437 123.00000022675437 121.58578648276414 1382638532345
122.58578648276414 121.58578648276414 121.58578648276414 1382638532345
122.0 121.0 121.0 1382638532364
122.58578628571952 121.58578628571952 121.58578628571952 1382638532414
122.58578628571952 124.414213590646 124.414213590646 1382638532621
125.414213590646 124.414213590646 124.414213590646 1382638532621
123.99999987706325 124.414213590646 124.414213590646 1382638532664
123.99999987706325 122.99999987706325 122.99999987706325 1382638532665
122.58578657266997 121.58578657266997 121.58578657266997 1382638532714
122.58578657266997 121.58578657266997 121.58578653298848 1382638533117
122.58578653298848 121.58578653298848 121.58578653298848 1382638533117
123.99999982094515 122.99999982094515 122.99999982094515 1382638533205
125.41421355096452 122.99999982094515 122.99999982094515 1382638533206
125.41421355096452 124.41421355096452 124.41421355096452 1382638533206
126.0 125.0 125.0 1382638533256
125.41421368055182 124.41421368055182 124.41421368055182 1382638533308
124.00000000420928 123.00000000420928 123.00000000420928 1382638533356
122.58578666257581 123.00000000420928 123.00000000420928 1382638533406
122.58578666257581 121.58578666257581 121.58578666257581 1382638533406
122.58578666257581 121.58578666257581 122.99999969379911 1382638533801
123.99999969379911 122.99999969379911 122.99999969379911 1382638533801
123.99999969379911 122.99999969379911 124.4142134610587 1382638533847
125.4142134610587 124.4142134610587 124.4142134610587 1382638533847
126.0 125.0 125.0 1382638533897
124.00000013135532 123.00000013135532 123.00000013135532 1382638534316
122.58578641530683 121.58578641530683 121.58578641530683 1382638534317
122.00000000000001 121.58578641530683 121.58578641530683 1382638534366
122.00000000000001 121.00000000000001 121.00000000000001 1382638534366
125.41421352318869 124.41421352318869 124.41421352318869 1382638534778
124.00000025850136 123.00000025850136 123.00000025850136 1382638534778
122.58578650521265 121.58578650521265 121.58578650521265 1382638534840
122.0 121.0 121.0 1382638534926
122.58578626327102 121.58578626327102 121.58578626327102 1382638534940
123.9999999163442 122.9999999163442 122.9999999163442 1382638534990
123.9999999163442 122.9999999163442 124.41421361842183 1382638535058
125.41421361842183 124.41421361842183 124.41421361842183 1382638535058
125.41421361842183 124.41421361842183 124.99999999999999 1382638535090
125.99999999999999 124.99999999999999 124.99999999999999 1382638535090
125.41421361309452 124.41421361309452 124.41421361309452 1382638535140
123.99999990881024 122.99999990881024 122.99999990881024 1382638535558
122.0 121.0 121.0 1382638535559
122.58578651053996 121.58578651053996 121.58578651053996 1382638535608
122.58578651053996 121.58578651053996 123.00000003595628 1382638536086
124.00000003595628 123.00000003595628 123.00000003595628 1382638536086
122.58578642063414 121.58578642063414 121.58578642063414 1382638536304
124.00000013888928 123.00000013888928 123.00000013888928 1382638536330
124.00000013888928 124.41421343861018 124.41421343861018 1382638536380
125.41421343861018 124.41421343861018 124.41421343861018 1382638536380
124.00000016310231 123.00000016310231 123.00000016310231 1382638536530
122.58578643775535 121.58578643775535 121.58578643775535 1382638536582
122.58578643775535 123.00000001174324 123.00000001174324 1382638536861
124.00000001174324 123.00000001174324 123.00000001174324 1382638536861
126.0 125.0 125.0 1382638537324
123.9999999407153 122.9999999407153 122.9999999407153 1382638565186
122.58578661767876 121.58578661767876 121.58578661767876 1382638565486
122.0 121.0 121.0 1382638565627
122.58578648797969 121.0 121.0 1382638565686
122.58578648797969 121.58578648797969 121.58578648797969 1382638565687
122.58578648797969 122.99999975729311 122.99999975729311 1382638565829
123.99999975729311 122.99999975729311 122.99999975729311 1382638565829
125.41421350595571 122.99999975729311 122.99999975729311 1382638565887
125.41421350595571 124.41421350595571 124.41421350595571 1382638565887
126.0 125.0 125.0 1382638566052
125.41421372556061 124.41421372556061 124.41421372556061 1382638566152
125.41421372556061 124.41421372556061 123.00000006786134 1382638566459
122.58578637040979 121.58578637040979 121.58578637040979 1382638566459
122.00000000000001 121.00000000000001 121.00000000000001 1382638566548
122.58578639807386 121.00000000000001 121.00000000000001 1382638566648
122.58578639807386 121.58578639807386 121.58578639807386 1382638566649
122.58578639807386 121.58578639807386 123.00000010698423 1382638566748
124.00000010698423 123.00000010698423 123.00000010698423 1382638566748
125.41421341604989 123.00000010698423 123.00000010698423 1382638566849
125.41421341604989 124.41421341604989 124.41421341604989 1382638566849
126.0 124.41421341604989 124.41421341604989 1382638566948
126.0 125.0 125.0 1382638566948
125.41421347829166 124.41421347829166 124.41421347829166 1382638567048
124.00000019500737 123.00000019500737 123.00000019500737 1382638567235
122.58578646031562 121.58578646031562 121.58578646031562 1382638567248
122.0 121.0 121.0 1382638567424
122.0 121.0 121.58578630816804 1382638567578
122.58578630816804 121.58578630816804 121.58578630816804 1382638567579
122.58578630816804 122.9999999798382 122.9999999798382 1382638567824
123.9999999798382 122.9999999798382 122.9999999798382 1382638567824
125.41421366331886 124.41421366331886 124.41421366331886 1382638567825
125.99999999999999 124.99999999999999 124.99999999999999 1382638567926
125.41421356819748 124.41421356819748 124.41421356819748 1382638568029
124.00000032215341 124.41421356819748 124.41421356819748 1382638568300
124.00000032215341 123.00000032215341 123.00000032215341 1382638568300
122.58578655022146 121.58578655022146 121.58578655022146 1382638568525
122.58578655022146 121.0 121.0 1382638568703
122.0 121.0 121.0 1382638568703
122.58578621826223 121.58578621826223 121.58578621826223 1382638568741
122.58578621826223 121.58578621826223 122.99999985269216 1382638568842
123.99999985269216 122.99999985269216 122.99999985269216 1382638568842
123.99999985269216 122.99999985269216 124.41421357341304 1382638569020
125.41421357341304 124.41421357341304 124.41421357341304 1382638569020
125.41421357341304 124.41421357341304 124.99999999999997 1382638569125
125.99999999999997 124.99999999999997 124.99999999999997 1382638569125
125.41421365810331 124.41421365810331 124.41421365810331 1382638569225
123.99999997246229 122.99999997246229 122.99999997246229 1382638569383
122.5857866401273 121.5857866401273 121.5857866401273 1382638569425
122.0 121.0 121.0 1382638569576
122.0 121.0 121.58578646553117 1382638569705
122.58578646553117 121.58578646553117 121.58578646553117 1382638569706
123.99999972554612 122.99999972554612 122.99999972554612 1382638569776
125.41421348350721 124.41421348350721 124.41421348350721 1382638569876
125.41421348350721 124.41421348350721 125.0 1382638570009
126.0 125.0 125.0 1382638570010
126.0 125.0 124.41421374800912 1382638570090
125.41421374800912 124.41421374800912 124.41421374800912 1382638570090
124.00000009960833 123.00000009960833 124.41421374800912 1382638570176
124.00000009960833 123.00000009960833 123.00000009960833 1382638570176
124.00000009960833 123.00000009960833 121.58578639285831 1382638570325
122.58578639285831 121.58578639285831 121.58578639285831 1382638570327
122.00000000000001 121.58578639285831 121.58578639285831 1382638570425
122.00000000000001 121.00000000000001 121.00000000000001 1382638570425
122.58578637562535 121.58578637562535 121.58578637562535 1382638570621
124.00000007523722 123.00000007523722 123.00000007523722 1382638570626
125.41421339360137 124.41421339360137 124.41421339360137 1382638570769
125.41421339360137 124.41421339360137 125.0 1382638570914
126.0 125.0 125.0 1382638570914
125.41421350074017 124.41421350074017 124.41421350074017 1382638570969
124.00000022675437 123.00000022675437 123.00000022675437 1382638571069
124.00000022675437 123.00000022675437 121.58578648276414 1382638571228
122.58578648276414 121.58578648276414 121.58578648276414 1382638571228
122.0 121.58578648276414 121.58578648276414 1382638571269
122.0 121.0 121.0 1382638571269
122.58578628571952 121.58578628571952 121.58578628571952 1382638571420
123.99999994809119 122.99999994809119 122.99999994809119 1382638571520
125.41421364087034 124.41421364087034 124.41421364087034 1382638571688
125.99999999999999 124.41421364087034 124.41421364087034 1382638571737
125.99999999999999 124.99999999999999 124.99999999999999 1382638571737
125.414213590646 124.414213590646 124.414213590646 1382638571837
123.99999987706325 122.99999987706325 122.99999987706325 1382638571968
122.58578657266997 121.58578657266997 121.58578657266997 1382638572037
122.58578657266997 121.0 121.0 1382638572229
122.0 121.0 121.0 1382638572229
122.58578653298848 121.0 121.0 1382638572237
122.58578653298848 121.58578653298848 121.58578653298848 1382638572237
122.58578653298848 121.58578653298848 122.99999982094515 1382638572361
123.99999982094515 122.99999982094515 122.99999982094515 1382638572362
125.41421355096452 124.41421355096452 124.41421355096452 1382638572438
126.0 125.0 125.0 1382638572609
125.41421368055182 124.41421368055182 124.41421368055182 1382638572709
125.41421368055182 124.41421368055182 123.00000000420928 1382638572894
124.00000000420928 123.00000000420928 123.00000000420928 1382638572895
122.58578666257581 121.58578666257581 121.58578666257581 1382638572909
122.0 121.0 121.0 1382638573009
122.58578644308265 121.58578644308265 121.58578644308265 1382638573151
122.58578644308265 122.99999969379911 122.99999969379911 1382638573365
123.99999969379911 122.99999969379911 122.99999969379911 1382638573365
125.4142134610587 124.4142134610587 124.4142134610587 1382638573375
126.0 124.4142134610587 124.4142134610587 1382638573475
126.0 125.0 125.0 1382638573475
125.41421377045764 124.41421377045764 124.41421377045764 1382638573575
124.00000013135532 124.41421377045764 124.41421377045764 1382638573675
124.00000013135532 123.00000013135532 123.00000013135532 1382638573676
122.58578641530683 121.58578641530683 121.58578641530683 1382638573775
122.58578641530683 121.58578641530683 121.00000000000001 1382638573936
122.00000000000001 121.00000000000001 121.00000000000001 1382638573937
122.58578635317683 121.58578635317683 121.58578635317683 1382638574097
124.00000004349023 123.00000004349023 123.00000004349023 1382638574097
125.41421337115285 124.41421337115285 124.41421337115285 1382638574175
126.0 125.0 125.0 1382638574275
125.41421352318869 124.41421352318869 124.41421352318869 1382638574375
124.00000025850136 123.00000025850136 123.00000025850136 1382638574475
122.0 121.0 121.0 1382638574716
122.58578626327102 121.58578626327102 121.58578626327102 1382638574775
123.9999999163442 122.9999999163442 122.9999999163442 1382638574899
125.41421361842183 122.9999999163442 122.9999999163442 1382638574975
125.41421361842183 124.41421361842183 124.41421361842183 1382638574975
125.99999999999999 124.99999999999999 124.99999999999999 1382638575132
125.99999999999999 124.99999999999999 124.41421361309452 1382638575397
123.99999990881024 122.99999990881024 122.99999990881024 1382638575397
122.58578659511849 121.58578659511849 121.58578659511849 1382638575432
122.58578659511849 121.0 121.0 1382638575558
122.0 121.0 121.0 1382638575558
122.0 121.0 121.58578651053996 1382638575632
122.58578651053996 121.58578651053996 121.58578651053996 1382638575632
123.99999978919816 122.99999978919816 122.99999978919816 1382638575882
125.414213528516 124.414213528516 124.414213528516 1382638575937
126.0 125.0 125.0 1382638576145
125.41421370300033 124.41421370300033 124.41421370300033 1382638576223
124.00000003595628 123.00000003595628 123.00000003595628 1382638576523
122.58578634784952 123.00000003595628 123.00000003595628 1382638576611
122.58578634784952 121.58578634784952 121.58578634784952 1382638576611
122.00000000000001 121.00000000000001 121.00000000000001 1382638576762
122.58578642063414 121.58578642063414 121.58578642063414 1382638576824
124.00000013888928 123.00000013888928 123.00000013888928 1382638576952
125.41421343861018 124.41421343861018 124.41421343861018 1382638577024
126.0 125.0 125.0 1382638577124
125.41421345573137 124.41421345573137 124.41421345573137 1382638577398
124.00000016310231 123.00000016310231 123.00000016310231 1382638577398
122.58578643775535 121.58578643775535 121.58578643775535 1382638577442
122.58578643775535 121.58578643775535 121.00000000000003 1382638577566
122.00000000000003 121.00000000000003 121.00000000000003 1382638577567
122.58578633072831 121.58578633072831 121.58578633072831 1382638577684
122.58578633072831 121.58578633072831 123.00000001174324 1382638577742
124.00000001174324 123.00000001174324 123.00000001174324 1382638577742
125.41421334870434 124.41421334870434 124.41421334870434 1382638577842
126.0 125.0 125.0 1382638577942
123.9999999407153 0.0 0.0 1382638598606
123.9999999407153 122.9999999407153 122.9999999407153 1382638598607
122.58578661767876 121.58578661767876 122.9999999407153 1382638599711
122.58578661767876 121.58578661767876 121.58578661767876 1382638599712
122.0 121.0 121.0 1382638600721
122.0 121.58578648797969 121.58578648797969 1382638601910
122.58578648797969 121.58578648797969 121.58578648797969 1382638601910
122.58578648797969 121.58578648797969 122.99999975729311 1382638602786
123.99999975729311 122.99999975729311 122.99999975729311 1382638602786
125.41421350595571 122.99999975729311 122.99999975729311 1382638603737
125.41421350595571 124.41421350595571 124.41421350595571 1382638603737
126.0 124.41421350595571 124.41421350595571 1382638604760
126.0 125.0 125.0 1382638604760
126.0 124.41421372556061 124.41421372556061 1382638605795
125.41421372556061 124.41421372556061 124.41421372556061 1382638605795
124.00000006786134 123.00000006786134 123.00000006786134 1382638607105
122.58578637040979 121.58578637040979 121.58578637040979 1382638607764
122.00000000000001 121.00000000000001 121.00000000000001 1382638608800
122.58578639807386 121.58578639807386 121.58578639807386 1382638609847
123.9999999407153 0.0 0.0 1382638621023
123.9999999407153 122.9999999407153 122.9999999407153 1382638621024
123.9999999407153 121.58578661767876 121.58578661767876 1382638622137
122.58578661767876 121.58578661767876 121.58578661767876 1382638622138
122.0 121.58578661767876 121.58578661767876 1382638623033
122.0 121.0 121.0 1382638623033
122.0 121.58578648797969 121.58578648797969 1382638625636
123.99999975729311 122.99999975729311 122.99999975729311 1382638625636
123.99999975729311 124.41421350595571 124.41421350595571 1382638626051
125.41421350595571 124.41421350595571 124.41421350595571 1382638626051
125.41421350595571 125.0 125.0 1382638627183
126.0 125.0 125.0 1382638627183
125.41421372556061 124.41421372556061 124.41421372556061 1382638629304
124.00000006786134 123.00000006786134 123.00000006786134 1382638629305
122.58578637040979 123.00000006786134 123.00000006786134 1382638630175
122.58578637040979 121.58578637040979 121.58578637040979 1382638630176
122.58578637040979 121.00000000000001 121.00000000000001 1382638632573
122.58578639807386 121.58578639807386 121.58578639807386 1382638632573
122.58578639807386 121.58578639807386 123.00000010698423 1382638633236
124.00000010698423 123.00000010698423 123.00000010698423 1382638633236
125.41421341604989 124.41421341604989 124.41421341604989 1382638634291
126.0 124.41421341604989 124.41421341604989 1382638635669
126.0 125.0 125.0 1382638635670
126.0 125.0 124.41421347829166 1382638636294
125.41421347829166 124.41421347829166 124.41421347829166 1382638636295
124.00000019500737 123.00000019500737 123.00000019500737 1382638638603
122.58578646031562 121.58578646031562 121.58578646031562 1382638638667
122.0 121.0 121.0 1382638639276
122.58578630816804 121.0 121.0 1382638640253
122.58578630816804 121.58578630816804 121.58578630816804 1382638640253
123.9999999798382 121.58578630816804 121.58578630816804 1382638641331
123.9999999798382 122.9999999798382 122.9999999798382 1382638641331
125.41421366331886 124.41421366331886 124.41421366331886 1382638642297
125.99999999999999 124.99999999999999 124.99999999999999 1382638643298
125.41421356819748 124.99999999999999 124.99999999999999 1382638644294
125.41421356819748 124.41421356819748 124.41421356819748 1382638644294
124.00000032215341 123.00000032215341 123.00000032215341 1382638645347
122.58578655022146 121.58578655022146 121.58578655022146 1382638646581
122.0 121.0 121.0 1382638647314
122.58578621826223 121.58578621826223 121.58578621826223 1382638648407
123.99999985269216 121.58578621826223 121.58578621826223 1382638649370
123.99999985269216 122.99999985269216 122.99999985269216 1382638649370
125.41421357341304 122.99999985269216 122.99999985269216 1382638650685
125.41421357341304 124.41421357341304 124.41421357341304 1382638650686
125.99999999999997 124.99999999999997 124.99999999999997 1382638651414
125.41421365810331 124.99999999999997 124.99999999999997 1382638652598
125.41421365810331 124.41421365810331 124.41421365810331 1382638652598
123.99999997246229 124.41421365810331 124.41421365810331 1382638653543
123.99999997246229 122.99999997246229 122.99999997246229 1382638653543
122.5857866401273 122.99999997246229 122.99999997246229 1382638654524
122.5857866401273 121.5857866401273 121.5857866401273 1382638654524
122.0 121.0 121.0 1382638655526
122.58578646553117 121.58578646553117 121.58578646553117 1382638657427
123.99999972554612 122.99999972554612 122.99999972554612 1382638657698
123.99999972554612 124.41421348350721 124.41421348350721 1382638658690
125.41421348350721 124.41421348350721 124.41421348350721 1382638658690
126.0 125.0 125.0 1382638660215
125.41421374800912 124.41421374800912 124.41421374800912 1382638660839
124.00000009960833 123.00000009960833 123.00000009960833 1382638661754
122.58578639285831 121.58578639285831 121.58578639285831 1382638662765
122.00000000000001 121.00000000000001 121.00000000000001 1382638664462
122.58578637562535 121.58578637562535 121.58578637562535 1382638664794
122.58578637562535 123.00000007523722 123.00000007523722 1382638665869
124.00000007523722 123.00000007523722 123.00000007523722 1382638665869
125.41421339360137 124.41421339360137 123.00000007523722 1382638667067
125.41421339360137 124.41421339360137 124.41421339360137 1382638667067
126.0 125.0 125.0 1382638667894
125.41421350074017 124.41421350074017 124.41421350074017 1382638668892
125.41421350074017 124.41421350074017 123.00000022675437 1382638669951
124.00000022675437 123.00000022675437 123.00000022675437 1382638669952
122.58578648276414 123.00000022675437 123.00000022675437 1382638671053
122.58578648276414 121.58578648276414 121.58578648276414 1382638671054
122.0 121.0 121.0 1382638671905
122.58578628571952 121.0 121.0 1382638672974
122.58578628571952 121.58578628571952 121.58578628571952 1382638672974
123.99999994809119 121.58578628571952 121.58578628571952 1382638673942
123.99999994809119 122.99999994809119 122.99999994809119 1382638673942
125.41421364087034 124.41421364087034 124.41421364087034 1382638676258
125.99999999999999 124.99999999999999 124.99999999999999 1382638676258
125.414213590646 124.414213590646 124.414213590646 1382638676946
125.414213590646 122.99999987706325 122.99999987706325 1382638678660
123.99999987706325 122.99999987706325 122.99999987706325 1382638678660
122.58578657266997 121.58578657266997 121.58578657266997 1382638679145
122.58578657266997 121.0 121.0 1382638680224
122.0 121.0 121.0 1382638680225
122.58578653298848 121.58578653298848 121.58578653298848 1382638681525
123.99999982094515 122.99999982094515 122.99999982094515 1382638682224
125.41421355096452 122.99999982094515 122.99999982094515 1382638683323
125.41421355096452 124.41421355096452 124.41421355096452 1382638683324
125.41421355096452 125.0 125.0 1382638684365
126.0 125.0 125.0 1382638684366
125.41421368055182 124.41421368055182 124.41421368055182 1382638685263
124.00000000420928 123.00000000420928 123.00000000420928 1382638686400
122.58578666257581 121.58578666257581 121.58578666257581 1382638687265
122.0 121.0 121.0 1382638688591
122.58578644308265 121.58578644308265 121.58578644308265 1382638689409
123.99999969379911 122.99999969379911 122.99999969379911 1382638690336
125.4142134610587 124.4142134610587 122.99999969379911 1382638691557
125.4142134610587 124.4142134610587 124.4142134610587 1382638691558
126.0 125.0 124.4142134610587 1382638692350
126.0 125.0 125.0 1382638692350
125.41421377045764 124.41421377045764 124.41421377045764 1382638693452
124.00000013135532 123.00000013135532 123.00000013135532 1382638694374
124.00000013135532 123.00000013135532 121.58578641530683 1382638696924
122.00000000000001 121.00000000000001 121.00000000000001 1382638696924
122.00000000000001 121.00000000000001 121.58578635317683 1382638697356
122.58578635317683 121.58578635317683 121.58578635317683 1382638697356
124.00000004349023 123.00000004349023 123.00000004349023 1382638698525
125.41421337115285 123.00000004349023 123.00000004349023 1382638699433
125.41421337115285 124.41421337115285 124.41421337115285 1382638699433
126.0 125.0 125.0 1382638700571
125.41421352318869 124.41421352318869 124.41421352318869 1382638701418
124.00000025850136 123.00000025850136 123.00000025850136 1382638702513
122.58578650521265 121.58578650521265 121.58578650521265 1382638703479
122.0 121.0 121.0 1382638704607
122.58578626327102 121.0 121.58578626327102 1382638705632
122.58578626327102 121.58578626327102 121.58578626327102 1382638705632
123.9999999163442 122.9999999163442 121.58578626327102 1382638708174
125.41421361842183 124.41421361842183 124.41421361842183 1382638708174
125.99999999999999 124.41421361842183 124.41421361842183 1382638708436
125.99999999999999 124.99999999999999 124.99999999999999 1382638708437
125.41421361309452 124.41421361309452 124.41421361309452 1382638709540
125.41421361309452 124.41421361309452 122.99999990881024 1382638712886
122.0 121.0 121.0 1382638712886
122.58578651053996 121.58578651053996 121.58578651053996 1382638713676
123.99999978919816 122.99999978919816 122.99999978919816 1382638714762
125.414213528516 124.414213528516 124.414213528516 1382638715601
125.414213528516 124.414213528516 125.0 1382638717219
126.0 125.0 125.0 1382638717220
125.41421370300033 124.41421370300033 124.41421370300033 1382638717637
124.00000003595628 123.00000003595628 123.00000003595628 1382638718898
122.58578634784952 123.00000003595628 123.00000003595628 1382638719725
122.58578634784952 121.58578634784952 121.58578634784952 1382638719725
122.00000000000001 121.00000000000001 121.00000000000001 1382638720735
122.58578642063414 121.00000000000001 121.00000000000001 1382638722262
122.58578642063414 121.58578642063414 121.58578642063414 1382638722263
124.00000013888928 123.00000013888928 123.00000013888928 1382638722879
125.41421343861018 124.41421343861018 124.41421343861018 1382638725395
126.0 125.0 125.0 1382638725395
125.41421345573137 124.41421345573137 124.41421345573137 1382638725985
124.00000016310231 123.00000016310231 123.00000016310231 1382638727041
122.58578643775535 121.58578643775535 121.58578643775535 1382638728084
122.00000000000003 121.58578643775535 121.58578643775535 1382638729047
122.00000000000003 121.00000000000003 121.00000000000003 1382638729048
122.00000000000003 121.00000000000003 121.58578633072831 1382638730116
122.58578633072831 121.58578633072831 121.58578633072831 1382638730116
124.00000001174324 121.58578633072831 121.58578633072831 1382638731094
124.00000001174324 123.00000001174324 123.00000001174324 1382638731094
124.00000001174324 123.00000001174324 124.41421334870434 1382638732097
125.41421334870434 124.41421334870434 124.41421334870434 1382638732097
126.0 124.41421334870434 124.41421334870434 1382638733211
126.0 125.0 125.0 1382638733213
123.9999999407153 0.0 0.0 1382638773866
123.9999999407153 122.9999999407153 122.9999999407153 1382638773867
123.9999999407153 121.58578661767876 121.58578661767876 1382638773974
122.58578661767876 121.58578661767876 121.58578661767876 1382638773975
122.58578661767876 121.58578661767876 121.0 1382638774119
122.0 121.0 121.0 1382638774119
122.58578648797969 121.0 121.0 1382638774175
122.58578648797969 121.58578648797969 121.58578648797969 1382638774175
123.99999975729311 122.99999975729311 122.99999975729311 1382638774324
125.41421350595571 124.41421350595571 122.99999975729311 1382638774375
125.41421350595571 124.41421350595571 124.41421350595571 1382638774375
126.0 125.0 125.0 1382638774524
125.41421372556061 124.41421372556061 124.41421372556061 1382638774575
124.00000006786134 123.00000006786134 123.00000006786134 1382638774721
122.58578637040979 121.58578637040979 123.00000006786134 1382638774775
122.58578637040979 121.58578637040979 121.58578637040979 1382638774775
122.00000000000001 121.00000000000001 121.00000000000001 1382638774928
122.58578639807386 121.00000000000001 121.00000000000001 1382638775028
122.58578639807386 121.58578639807386 121.58578639807386 1382638775028
124.00000010698423 123.00000010698423 123.00000010698423 1382638775128
124.00000010698423 124.41421341604989 124.41421341604989 1382638775284
125.41421341604989 124.41421341604989 124.41421341604989 1382638775285
126.0 124.41421341604989 124.41421341604989 1382638775376
126.0 125.0 125.0 1382638775377
125.41421347829166 125.0 125.0 1382638775476
125.41421347829166 124.41421347829166 124.41421347829166 1382638775476
125.41421347829166 124.41421347829166 123.00000019500737 1382638775618
124.00000019500737 123.00000019500737 123.00000019500737 1382638775618
122.58578646031562 121.58578646031562 121.58578646031562 1382638775760
122.0 121.0 121.0 1382638775818
122.0 121.0 122.9999999798382 1382638776057
123.9999999798382 122.9999999798382 122.9999999798382 1382638776057
125.41421366331886 122.9999999798382 122.9999999798382 1382638776146
125.41421366331886 124.41421366331886 124.41421366331886 1382638776146
125.99999999999999 124.99999999999999 124.99999999999999 1382638776272
125.41421356819748 124.41421356819748 124.41421356819748 1382638776346
124.00000032215341 124.41421356819748 124.41421356819748 1382638776446
124.00000032215341 123.00000032215341 123.00000032215341 1382638776446
122.58578655022146 121.58578655022146 121.58578655022146 1382638776596
122.0 121.0 121.0 1382638776696
122.58578621826223 121.0 121.0 1382638776796
122.58578621826223 121.58578621826223 121.58578621826223 1382638776797
123.99999985269216 122.99999985269216 122.99999985269216 1382638776896
125.41421357341304 122.99999985269216 122.99999985269216 1382638776996
125.41421357341304 124.41421357341304 124.41421357341304 1382638776996
125.99999999999997 124.41421357341304 124.41421357341304 1382638777096
125.99999999999997 124.99999999999997 124.99999999999997 1382638777096
125.41421365810331 124.99999999999997 124.99999999999997 1382638777196
125.41421365810331 124.41421365810331 124.41421365810331 1382638777197
123.99999997246229 122.99999997246229 122.99999997246229 1382638777302
122.5857866401273 122.99999997246229 122.99999997246229 1382638777553
122.5857866401273 121.5857866401273 121.5857866401273 1382638777554
122.0 121.0 121.0 1382638777710
122.58578646553117 121.0 121.0 1382638777753
122.58578646553117 121.58578646553117 121.58578646553117 1382638777753
123.99999972554612 122.99999972554612 122.99999972554612 1382638777905
125.41421348350721 122.99999972554612 122.99999972554612 1382638777953
125.41421348350721 124.41421348350721 124.41421348350721 1382638777953
126.0 125.0 125.0 1382638778113
125.41421374800912 125.0 125.0 1382638778153
125.41421374800912 124.41421374800912 124.41421374800912 1382638778154
124.00000009960833 123.00000009960833 123.00000009960833 1382638778325
122.58578639285831 123.00000009960833 121.58578639285831 1382638778353
122.58578639285831 121.58578639285831 121.58578639285831 1382638778353
122.58578639285831 121.00000000000001 121.00000000000001 1382638778485
122.00000000000001 121.00000000000001 121.00000000000001 1382638778486
122.58578637562535 121.00000000000001 121.00000000000001 1382638778614
122.58578637562535 121.58578637562535 121.58578637562535 1382638778615
124.00000007523722 121.58578637562535 121.58578637562535 1382638778714
124.00000007523722 123.00000007523722 123.00000007523722 1382638778715
125.41421339360137 123.00000007523722 123.00000007523722 1382638778814
125.41421339360137 124.41421339360137 124.41421339360137 1382638778814
126.0 125.0 125.0 1382638778923
126.0 124.41421350074017 124.41421350074017 1382638779125
125.41421350074017 124.41421350074017 124.41421350074017 1382638779126
124.00000022675437 124.41421350074017 124.41421350074017 1382638779173
124.00000022675437 123.00000022675437 123.00000022675437 1382638779173
122.58578648276414 121.58578648276414 121.58578648276414 1382638779513
122.58578628571952 121.58578628571952 121.58578628571952 1382638779513
123.99999994809119 121.58578628571952 121.58578628571952 1382638779572
123.99999994809119 122.99999994809119 122.99999994809119 1382638779573
125.41421364087034 124.41421364087034 124.41421364087034 1382638779725
125.41421364087034 124.99999999999999 124.99999999999999 1382638779796
125.99999999999999 124.99999999999999 124.99999999999999 1382638779797
125.99999999999999 124.99999999999999 124.414213590646 1382638779881
125.414213590646 124.414213590646 124.414213590646 1382638779881
123.99999987706325 124.414213590646 124.414213590646 1382638779990
123.99999987706325 122.99999987706325 122.99999987706325 1382638779990
122.58578657266997 121.58578657266997 121.58578657266997 1382638780150
122.0 121.0 121.0 1382638780192
122.0 121.0 121.58578653298848 1382638780292
122.58578653298848 121.58578653298848 121.58578653298848 1382638780293
123.99999982094515 122.99999982094515 122.99999982094515 1382638780396
125.41421355096452 124.41421355096452 124.41421355096452 1382638782563
126.0 125.0 125.0 1382638782564
125.41421352318869 124.41421352318869 124.41421352318869 1382638782724
124.00000025850136 123.00000025850136 123.00000025850136 1382638782842
122.58578650521265 121.58578650521265 121.58578650521265 1382638782942
122.0 121.0 121.0 1382638783042
122.58578626327102 121.58578626327102 121.58578626327102 1382638783209
123.9999999163442 122.9999999163442 122.9999999163442 1382638783427
125.41421361842183 124.41421361842183 124.41421361842183 1382638783522
125.99999999999999 124.99999999999999 124.99999999999999 1382638783773
125.41421361309452 124.41421361309452 124.41421361309452 1382638783774
123.99999990881024 122.99999990881024 122.99999990881024 1382638783878
122.58578659511849 122.99999990881024 122.99999990881024 1382638783978
122.58578659511849 121.58578659511849 121.58578659511849 1382638783978
122.0 121.0 121.0 1382638784078
122.58578651053996 121.58578651053996 121.58578651053996 1382638784178
123.99999978919816 122.99999978919816 122.99999978919816 1382638784518
126.0 125.0 125.0 1382638784518
125.41421370300033 124.41421370300033 124.41421370300033 1382638784578
125.41421370300033 124.41421370300033 123.00000003595628 1382638784748
124.00000003595628 123.00000003595628 123.00000003595628 1382638784749
124.00000003595628 121.58578634784952 121.58578634784952 1382638784843
122.58578634784952 121.58578634784952 121.58578634784952 1382638784844
122.00000000000001 121.00000000000001 121.00000000000001 1382638784943
122.58578642063414 121.58578642063414 121.58578642063414 1382638785094
124.00000013888928 121.58578642063414 121.58578642063414 1382638785254
124.00000013888928 123.00000013888928 123.00000013888928 1382638785254
125.41421343861018 123.00000013888928 123.00000013888928 1382638785294
125.41421343861018 124.41421343861018 124.41421343861018 1382638785294
125.41421343861018 124.41421343861018 125.0 1382638785512
125.41421345573137 124.41421345573137 124.41421345573137 1382638785512
125.41421345573137 124.41421345573137 123.00000016310231 1382638785615
124.00000016310231 123.00000016310231 123.00000016310231 1382638785616
124.00000016310231 123.00000016310231 121.58578643775535 1382638785722
122.58578643775535 121.58578643775535 121.58578643775535 1382638785723
122.58578643775535 121.58578643775535 121.00000000000003 1382638785893
122.00000000000003 121.00000000000003 121.00000000000003 1382638785893
122.58578633072831 121.58578633072831 121.00000000000003 1382638785924
122.58578633072831 121.58578633072831 121.58578633072831 1382638785924
124.00000001174324 123.00000001174324 123.00000001174324 1382638786025
125.41421334870434 124.41421334870434 124.41421334870434 1382638786210
126.0 124.41421334870434 124.41421334870434 1382638786234
126.0 125.0 125.0 1382638786234
123.9999999407153 122.9999999407153 122.9999999407153 1382638814925
123.9999999407153 121.58578661767876 121.58578661767876 1382638815583
122.58578648797969 121.58578648797969 121.58578648797969 1382638815584
122.58578648797969 121.58578648797969 122.99999975729311 1382638815722
123.99999975729311 122.99999975729311 122.99999975729311 1382638815722
125.41421350595571 122.99999975729311 122.99999975729311 1382638815731
125.41421350595571 124.41421350595571 124.41421350595571 1382638815732
126.0 125.0 125.0 1382638815924
126.0 123.00000006786134 123.00000006786134 1382638816209
124.00000006786134 123.00000006786134 123.00000006786134 1382638816209
122.58578637040979 121.58578637040979 121.58578637040979 1382638816220
122.58578637040979 121.58578637040979 121.58578639807386 1382638816505
122.58578639807386 121.58578639807386 121.58578639807386 1382638816505
122.58578639807386 121.58578639807386 123.00000010698423 1382638816520
124.00000010698423 123.00000010698423 123.00000010698423 1382638816520
124.00000010698423 125.0 125.0 1382638816831
126.0 125.0 125.0 1382638816831
126.0 123.00000019500737 123.00000019500737 1382638817037
124.00000019500737 123.00000019500737 123.00000019500737 1382638817037
122.58578646031562 123.00000019500737 123.00000019500737 1382638817127
122.58578646031562 121.58578646031562 121.58578646031562 1382638817128
122.0 121.0 121.0 1382638817279
122.58578630816804 121.0 121.0 1382638817386
122.58578630816804 121.58578630816804 121.58578630816804 1382638817386
123.9999999798382 121.58578630816804 121.58578630816804 1382638817534
123.9999999798382 122.9999999798382 122.9999999798382 1382638817535
125.41421366331886 122.9999999798382 122.9999999798382 1382638817634
125.41421366331886 124.41421366331886 124.41421366331886 1382638817635
125.99999999999999 124.41421366331886 124.41421366331886 1382638817734
125.99999999999999 124.99999999999999 124.99999999999999 1382638817735
125.41421356819748 124.99999999999999 124.99999999999999 1382638817834
125.41421356819748 124.41421356819748 124.41421356819748 1382638817835
124.00000032215341 124.41421356819748 124.41421356819748 1382638817934
124.00000032215341 123.00000032215341 123.00000032215341 1382638817935
122.58578655022146 121.58578655022146 121.58578655022146 1382638818124
122.0 121.58578655022146 121.58578655022146 1382638818173
122.0 121.0 121.0 1382638818174
122.58578621826223 121.0 121.0 1382638818273
122.58578621826223 121.58578621826223 121.58578621826223 1382638818273
123.99999985269216 122.99999985269216 122.99999985269216 1382638818441
125.41421357341304 124.41421357341304 124.41421357341304 1382638818524
125.99999999999997 124.41421357341304 124.41421357341304 1382638818674
125.99999999999997 124.99999999999997 124.99999999999997 1382638818675
125.41421365810331 124.99999999999997 124.99999999999997 1382638818774
125.41421365810331 124.41421365810331 124.41421365810331 1382638818775
123.99999997246229 124.41421365810331 124.41421365810331 1382638818874
123.99999997246229 122.99999997246229 122.99999997246229 1382638818875
122.5857866401273 121.5857866401273 121.5857866401273 1382638818990
122.0 121.5857866401273 121.5857866401273 1382638819074
122.0 121.0 121.0 1382638819079
122.58578646553117 121.58578646553117 121.58578646553117 1382638819201
122.58578646553117 122.99999972554612 122.99999972554612 1382638819328
123.99999972554612 122.99999972554612 122.99999972554612 1382638819330
123.99999972554612 122.99999972554612 124.41421348350721 1382638819488
125.41421348350721 124.41421348350721 124.41421348350721 1382638819488
126.0 125.0 125.0 1382638819587
125.41421374800912 124.41421374800912 124.41421374800912 1382638819788
125.41421374800912 123.00000009960833 123.00000009960833 1382638819886
124.00000009960833 123.00000009960833 123.00000009960833 1382638819887
122.58578639285831 123.00000009960833 123.00000009960833 1382638820038
122.58578639285831 121.58578639285831 121.58578639285831 1382638820038
122.58578639285831 121.00000000000001 121.00000000000001 1382638820137
122.00000000000001 121.00000000000001 121.00000000000001 1382638820137
122.58578637562535 121.00000000000001 121.00000000000001 1382638820334
122.58578637562535 121.58578637562535 121.58578637562535 1382638820334
124.00000007523722 123.00000007523722 123.00000007523722 1382638820473
125.41421339360137 123.00000007523722 123.00000007523722 1382638820534
125.41421339360137 124.41421339360137 124.41421339360137 1382638820534
126.0 125.0 125.0 1382638820712
124.00000022675437 123.00000022675437 123.00000022675437 1382638820911
122.58578648276414 121.58578648276414 121.58578648276414 1382638821061
122.58578648276414 121.0 121.0 1382638821111
122.0 121.0 121.0 1382638821111
122.0 121.58578628571952 121.58578628571952 1382638821265
122.58578628571952 121.58578628571952 121.58578628571952 1382638821265
122.58578628571952 121.58578628571952 122.99999994809119 1382638821517
123.99999994809119 122.99999994809119 122.99999994809119 1382638821517
125.41421364087034 124.41421364087034 124.41421364087034 1382638821657
125.99999999999999 124.41421364087034 124.41421364087034 1382638821733
125.99999999999999 124.99999999999999 124.99999999999999 1382638821734
125.414213590646 124.414213590646 124.414213590646 1382638821853
123.99999987706325 122.99999987706325 122.99999987706325 1382638822068
123.99999987706325 121.58578657266997 121.58578657266997 1382638822168
122.58578657266997 121.58578657266997 121.58578657266997 1382638822168
122.0 121.0 121.0 1382638822436
122.0 121.0 121.58578653298848 1382638822539
122.58578653298848 121.58578653298848 121.58578653298848 1382638822540
122.58578653298848 121.58578653298848 122.99999982094515 1382638822639
123.99999982094515 122.99999982094515 122.99999982094515 1382638822639
125.41421355096452 124.41421355096452 124.41421355096452 1382638822738
126.0 124.41421355096452 124.41421355096452 1382638822838
126.0 125.0 125.0 1382638822838
125.41421368055182 125.0 125.0 1382638822980
125.41421368055182 124.41421368055182 124.41421368055182 1382638822982
124.00000000420928 124.41421368055182 124.41421368055182 1382638823150
124.00000000420928 123.00000000420928 123.00000000420928 1382638823151
122.58578666257581 121.58578666257581 121.58578666257581 1382638823251
122.0 121.0 121.0 1382638823387
122.0 121.0 121.58578644308265 1382638823486
122.58578644308265 121.58578644308265 121.58578644308265 1382638823486
123.99999969379911 121.58578644308265 121.58578644308265 1382638823692
123.99999969379911 122.99999969379911 122.99999969379911 1382638823694
125.4142134610587 124.4142134610587 124.4142134610587 1382638823858
125.4142134610587 124.4142134610587 125.0 1382638823997
126.0 125.0 125.0 1382638823997
125.41421377045764 125.0 125.0 1382638824106
125.41421377045764 124.41421377045764 124.41421377045764 1382638824107
124.00000013135532 123.00000013135532 123.00000013135532 1382638824259
122.58578641530683 123.00000013135532 123.00000013135532 1382638824332
122.58578641530683 121.58578641530683 121.58578641530683 1382638824332
122.00000000000001 121.00000000000001 121.00000000000001 1382638824460
122.58578635317683 121.00000000000001 121.00000000000001 1382638824531
122.58578635317683 121.58578635317683 121.58578635317683 1382638824532
124.00000004349023 123.00000004349023 123.00000004349023 1382638824794
124.00000004349023 123.00000004349023 124.41421337115285 1382638824935
125.41421337115285 124.41421337115285 124.41421337115285 1382638824935
125.41421337115285 125.0 125.0 1382638825152
126.0 125.0 125.0 1382638825153
126.0 125.0 124.41421352318869 1382638825251
125.41421352318869 124.41421352318869 124.41421352318869 1382638825251
124.00000025850136 124.41421352318869 124.41421352318869 1382638825451
124.00000025850136 123.00000025850136 123.00000025850136 1382638825452
122.58578650521265 123.00000025850136 123.00000025850136 1382638825551
122.58578650521265 121.58578650521265 121.58578650521265 1382638825551
122.58578650521265 121.58578650521265 121.0 1382638825798
122.0 121.0 121.0 1382638825799
122.58578626327102 121.0 121.0 1382638825987
122.58578626327102 121.58578626327102 121.58578626327102 1382638825989
123.9999999163442 121.58578626327102 121.58578626327102 1382638826087
123.9999999163442 122.9999999163442 122.9999999163442 1382638826088
125.41421361842183 124.41421361842183 124.41421361842183 1382638826291
125.99999999999999 124.41421361842183 124.41421361842183 1382638826390
125.99999999999999 124.99999999999999 124.99999999999999 1382638826390
125.41421361309452 124.99999999999999 124.99999999999999 1382638826595
125.41421361309452 124.41421361309452 124.41421361309452 1382638826596
123.99999990881024 122.99999990881024 122.99999990881024 1382638826698
122.58578659511849 122.99999990881024 122.99999990881024 1382638826795
122.58578659511849 121.58578659511849 121.58578659511849 1382638826796
122.58578659511849 121.0 121.0 1382638827005
122.0 121.0 121.0 1382638827006
122.58578651053996 121.0 121.0 1382638827200
122.58578651053996 121.58578651053996 121.58578651053996 1382638827201
122.58578651053996 121.58578651053996 122.99999978919816 1382638827304
123.99999978919816 122.99999978919816 122.99999978919816 1382638827305
125.414213528516 124.414213528516 124.414213528516 1382638827466
126.0 124.414213528516 124.414213528516 1382638827565
126.0 125.0 125.0 1382638827565
125.41421370300033 124.41421370300033 124.41421370300033 1382638827667
125.41421370300033 123.00000003595628 123.00000003595628 1382638827794
124.00000003595628 123.00000003595628 123.00000003595628 1382638827795
122.58578634784952 123.00000003595628 123.00000003595628 1382638827893
122.58578634784952 121.58578634784952 121.58578634784952 1382638827894
122.00000000000001 121.58578634784952 121.58578634784952 1382638827993
122.00000000000001 121.00000000000001 121.00000000000001 1382638827994
122.58578642063414 121.58578642063414 121.58578642063414 1382638828242
124.00000013888928 121.58578642063414 121.58578642063414 1382638828268
124.00000013888928 123.00000013888928 123.00000013888928 1382638828269
125.41421343861018 124.41421343861018 124.41421343861018 1382638828441
126.0 124.41421343861018 124.41421343861018 1382638828523
126.0 125.0 125.0 1382638828523
125.41421345573137 125.0 125.0 1382638828727
125.41421345573137 124.41421345573137 124.41421345573137 1382638828727
124.00000016310231 124.41421345573137 124.41421345573137 1382638828825
124.00000016310231 123.00000016310231 123.00000016310231 1382638828825
122.58578643775535 121.58578643775535 121.58578643775535 1382638828962
122.00000000000003 121.00000000000003 121.00000000000003 1382638829218
122.58578633072831 121.58578633072831 121.58578633072831 1382638829218
124.00000001174324 123.00000001174324 123.00000001174324 1382638829309
124.00000001174324 123.00000001174324 124.41421334870434 1382638829506
125.41421334870434 124.41421334870434 124.41421334870434 1382638829507
126.0 125.0 125.0 1382638829822
123.9999999407153 0.0 0.0 1382642897184
122.58578661767876 121.58578661767876 121.58578661767876 1382642897285
122.0 121.0 121.0 1382642897448
122.58578648797969 121.58578648797969 121.58578648797969 1382642897643
122.58578648797969 121.58578648797969 122.99999975729311 1382642897766
123.99999975729311 122.99999975729311 122.99999975729311 1382642897766
125.41421350595571 124.41421350595571 124.41421350595571 1382642897957
126.0 125.0 125.0 1382642898018
125.41421372556061 124.41421372556061 124.41421372556061 1382642898149
124.00000006786134 123.00000006786134 123.00000006786134 1382642898225
122.58578637040979 121.58578637040979 121.58578637040979 1382642898354
122.00000000000001 121.00000000000001 121.00000000000001 1382642898432
122.00000000000001 121.58578639807386 121.58578639807386 1382642898560
122.58578639807386 121.58578639807386 121.58578639807386 1382642898561
124.00000010698423 123.00000010698423 123.00000010698423 1382642898632
125.41421341604989 124.41421341604989 124.41421341604989 1382642898809
126.0 125.0 125.0 1382642898909
125.41421347829166 124.41421347829166 124.41421347829166 1382642899009
124.00000019500737 123.00000019500737 123.00000019500737 1382642899109
122.58578646031562 121.58578646031562 121.58578646031562 1382642899228
122.0 121.0 121.0 1382642899328
122.58578630816804 121.58578630816804 121.58578630816804 1382642899474
123.9999999798382 122.9999999798382 122.9999999798382 1382642899574
125.41421366331886 124.41421366331886 124.41421366331886 1382642899674
125.99999999999999 124.41421366331886 124.41421366331886 1382642899788
125.99999999999999 124.99999999999999 124.99999999999999 1382642899789
125.41421356819748 124.41421356819748 124.41421356819748 1382642899888
124.00000032215341 124.41421356819748 124.41421356819748 1382642900051
124.00000032215341 123.00000032215341 123.00000032215341 1382642900052
122.58578655022146 121.58578655022146 121.58578655022146 1382642900151
122.0 121.58578655022146 121.58578655022146 1382642900259
122.0 121.0 121.0 1382642900260
122.0 121.58578621826223 121.58578621826223 1382642900449
122.58578621826223 121.58578621826223 121.58578621826223 1382642900450
123.99999985269216 122.99999985269216 122.99999985269216 1382642900549
125.41421357341304 124.41421357341304 124.41421357341304 1382642900668
125.99999999999997 124.99999999999997 124.99999999999997 1382642900813
125.41421365810331 124.41421365810331 124.41421365810331 1382642900913
125.41421365810331 122.99999997246229 122.99999997246229 1382642901068
123.99999997246229 122.99999997246229 122.99999997246229 1382642901069
122.5857866401273 121.5857866401273 121.5857866401273 1382642901118
122.0 121.0 121.0 1382642901313
122.58578646553117 121.58578646553117 121.58578646553117 1382642901413
123.99999972554612 122.99999972554612 122.99999972554612 1382642901605
125.41421348350721 124.41421348350721 124.41421348350721 1382642901619
125.41421348350721 125.0 125.0 1382642901813
126.0 125.0 125.0 1382642901813
125.41421374800912 124.41421374800912 124.41421374800912 1382642901824
125.41421374800912 124.41421374800912 123.00000009960833 1382642901997
124.00000009960833 123.00000009960833 123.00000009960833 1382642901998
122.58578639285831 123.00000009960833 123.00000009960833 1382642902025
122.58578639285831 121.58578639285831 121.58578639285831 1382642902026
122.00000000000001 121.58578639285831 121.58578639285831 1382642902151
122.00000000000001 121.00000000000001 121.00000000000001 1382642902152
122.58578637562535 121.58578637562535 121.58578637562535 1382642902251
124.00000007523722 123.00000007523722 123.00000007523722 1382642902351
124.00000007523722 125.0 125.0 1382642902584
126.0 125.0 125.0 1382642902585
125.41421350074017 125.0 125.0 1382642902651
125.41421350074017 124.41421350074017 124.41421350074017 1382642902651
124.00000022675437 123.00000022675437 123.00000022675437 1382642902772
122.58578648276414 123.00000022675437 123.00000022675437 1382642902872
122.58578648276414 121.58578648276414 121.58578648276414 1382642902873
122.0 121.0 121.0 1382642902972
122.58578628571952 121.58578628571952 121.58578628571952 1382642903072
123.99999994809119 122.99999994809119 122.99999994809119 1382642903268
125.41421364087034 124.41421364087034 124.41421364087034 1382642903368
125.99999999999999 124.99999999999999 124.99999999999999 1382642903593
125.414213590646 124.99999999999999 124.99999999999999 1382642903619
125.414213590646 124.414213590646 124.414213590646 1382642903620
123.99999987706325 122.99999987706325 122.99999987706325 1382642903786
122.58578657266997 121.58578657266997 121.58578657266997 1382642903897
122.0 121.0 121.0 1382642904096
122.0 121.0 121.58578653298848 1382642904195
122.58578653298848 121.58578653298848 121.58578653298848 1382642904195
123.99999982094515 122.99999982094515 122.99999982094515 1382642904322
123.99999982094515 124.41421355096452 124.41421355096452 1382642904398
125.41421355096452 124.41421355096452 124.41421355096452 1382642904399
126.0 124.41421355096452 124.41421355096452 1382642904527
126.0 125.0 125.0 1382642904527
125.41421368055182 124.41421368055182 124.41421368055182 1382642904708
124.00000000420928 123.00000000420928 123.00000000420928 1382642904730
124.00000000420928 123.00000000420928 121.58578666257581 1382642904908
122.58578666257581 121.58578666257581 121.58578666257581 1382642904908
122.0 121.58578666257581 121.58578666257581 1382642904932
122.0 121.0 121.0 1382642904933
122.58578644308265 121.58578644308265 121.58578644308265 1382642905038
122.58578644308265 122.99999969379911 122.99999969379911 1382642905142
123.99999969379911 122.99999969379911 122.99999969379911 1382642905146
123.99999969379911 122.99999969379911 124.4142134610587 1382642905239
125.4142134610587 124.4142134610587 124.4142134610587 1382642905239
126.0 125.0 125.0 1382642905338
125.41421377045764 124.41421377045764 124.41421377045764 1382642905526
124.00000013135532 124.41421377045764 124.41421377045764 1382642905538
124.00000013135532 123.00000013135532 123.00000013135532 1382642905539
124.00000013135532 123.00000013135532 121.58578641530683 1382642905644
122.58578641530683 121.58578641530683 121.58578641530683 1382642905645
122.00000000000001 121.00000000000001 121.00000000000001 1382642905829
122.58578635317683 121.00000000000001 121.00000000000001 1382642905856
122.58578635317683 121.58578635317683 121.58578635317683 1382642905856
122.58578635317683 121.58578635317683 123.00000004349023 1382642906016
124.00000004349023 123.00000004349023 123.00000004349023 1382642906016
124.00000004349023 124.41421337115285 124.41421337115285 1382642906242
125.41421337115285 124.41421337115285 124.41421337115285 1382642906242
126.0 125.0 125.0 1382642906264
125.41421352318869 125.0 125.0 1382642906364
125.41421352318869 124.41421352318869 124.41421352318869 1382642906365
124.00000025850136 123.00000025850136 123.00000025850136 1382642906464
122.58578650521265 121.58578650521265 121.58578650521265 1382642906564
122.0 121.0 121.0 1382642906664
122.58578626327102 121.58578626327102 121.58578626327102 1382642906764
123.9999999163442 121.58578626327102 121.58578626327102 1382642906864
123.9999999163442 122.9999999163442 122.9999999163442 1382642906865
125.41421361842183 124.41421361842183 124.41421361842183 1382642906964
125.41421361842183 124.41421361842183 124.99999999999999 1382642907064
125.99999999999999 124.99999999999999 124.99999999999999 1382642907065
125.41421361309452 124.41421361309452 124.41421361309452 1382642907164
123.99999990881024 122.99999990881024 122.99999990881024 1382642907264
122.58578659511849 121.58578659511849 121.58578659511849 1382642907398
122.0 121.0 121.0 1382642907464
122.58578651053996 121.58578651053996 121.0 1382642907564
122.58578651053996 121.58578651053996 121.58578651053996 1382642907565
123.99999978919816 121.58578651053996 121.58578651053996 1382642907664
123.99999978919816 122.99999978919816 122.99999978919816 1382642907665
125.414213528516 124.414213528516 124.414213528516 1382642907764
125.414213528516 125.0 125.0 1382642908001
125.41421370300033 124.41421370300033 124.41421370300033 1382642908001
124.00000003595628 124.41421370300033 124.41421370300033 1382642908064
124.00000003595628 123.00000003595628 123.00000003595628 1382642908064
122.58578634784952 121.58578634784952 121.58578634784952 1382642908272
122.00000000000001 121.58578634784952 121.58578634784952 1382642908362
122.00000000000001 121.00000000000001 121.00000000000001 1382642908362
122.58578642063414 121.58578642063414 121.58578642063414 1382642908463
124.00000013888928 123.00000013888928 123.00000013888928 1382642908658
125.41421343861018 123.00000013888928 123.00000013888928 1382642908735
125.41421343861018 124.41421343861018 124.41421343861018 1382642908736
126.0 125.0 125.0 1382642908841
125.41421345573137 124.41421345573137 124.41421345573137 1382642908959
124.00000016310231 123.00000016310231 123.00000016310231 1382642909094
122.58578643775535 121.58578643775535 121.58578643775535 1382642909195
122.00000000000003 121.00000000000003 121.00000000000003 1382642909332
122.58578633072831 121.58578633072831 121.58578633072831 1382642909409
124.00000001174324 123.00000001174324 123.00000001174324 1382642909520
125.41421334870434 124.41421334870434 124.41421334870434 1382642909626
126.0 125.0 125.0 1382642909802
0.0 193.11443999999997 0.0 1382643196045
194.9768 193.11443999999997 0.0 1382643196197
194.9768 193.11443999999997 193.89 1382643196851
194.75190399999997 193.11073908250023 193.977 1382643196946
194.75190399999997 193.11073908250023 193.89 1382643197001
194.75190399999997 192.72599999999997 193.89 1382643197141
194.75190399999997 192.72599999999997 193.5 1382643197201
194.6756 192.72599999999997 193.5 1382643197331
194.6756 192.72599999999997 193.469 1382643197406
194.274 192.72599999999997 193.469 1382643197503
194.274 192.670224 193.469 1382643197603
194.24288743455048 192.670224 193.469 1382643197703
194.24288743455048 192.670224 193.444 1382643197810
194.24288743455048 192.67620000000002 193.444 1382643197909
194.24288743455048 192.67620000000002 193.45 1382643198035
194.274 192.67620000000002 193.45 1382643198109
194.274 192.67620000000002 193.444 1382643198227
194.274 192.52381199999996 193.444 1382643198309
194.22025970011344 192.52381199999996 193.444 1382643198411
194.22025970011344 192.52381199999996 193.3 1382643198530
194.22025970011344 192.670224 193.3 1382643198649
194.22379999999998 192.670224 193.3 1382643198749
194.22379999999998 192.670224 193.444 1382643198850
194.22379999999998 192.429192 193.444 1382643198949
194.17263312406732 192.429192 193.444 1382643199049
194.17263312406732 192.429192 193.202 1382643199149
194.22379999999998 192.429192 193.202 1382643200017
194.05424393362102 192.4272 193.2 1382643200017
194.02756649291024 192.4272 193.2 1382643200069
193.974808 192.4272 193.2 1382643200169
193.974808 192.4272 193.3 1382643200269
193.974808 192.52679999999998 193.3 1382643200370
194.217776 192.52679999999998 193.3 1382643200469
194.07319999999999 192.52679999999998 193.3 1382643200569
194.07319999999999 192.3276 193.3 1382643200569
194.07319999999999 192.3276 193.1 1382643200673
193.97279999999998 192.3276 193.1 1382643200821
193.8724 192.3276 193.1 1382643200921
193.8724 192.3276 192.5 1382643201021
193.8724 192.228 193.0 1382643201121
193.83224000000004 192.228 193.0 1382643201221
193.931636 192.228 193.0 1382643201393
193.93063199999997 192.228 193.0 1382643201493
193.889468 192.228 193.0 1382643201593
193.849308 192.228 193.0 1382643201693
193.849308 192.228 193.077 1382643201793
193.97279999999998 192.228 193.077 1382643201893
193.97279999999998 192.42620399999998 193.077 1382643201993
194.217776 192.42620399999998 193.077 1382643202160
194.217776 192.42620399999998 193.199 1382643202213
194.274 192.42620399999998 193.199 1382643202293
194.274 192.42620399999998 193.2 1382643202293
194.274 192.4272 193.2 1382643202393
194.66556 192.4272 193.2 1382643202493
193.97279999999998 192.4272 193.2 1382643202615
193.97279999999998 192.4272 193.0 1382643202715
193.97279999999998 192.228 193.0 1382643202925
193.97279999999998 192.304692 193.0 1382643202926
194.29037189507557 192.304692 193.0 1382643203159
194.29037189507557 192.304692 193.077 1382643203159
193.97279999999998 192.304692 193.077 1382643203237
193.97279999999998 192.228 193.077 1382643203433
193.97279999999998 192.228 193.0 1382643203454
194.57729640567672 192.228 193.0 1382643203554
194.57729640567672 192.4272 193.0 1382643204319
194.5752 192.4272 193.2 1382643204320
194.5752 192.3276 193.2 1382643204365
194.5752 192.3276 193.1 1382643204599
194.56515999999996 192.3276 193.1 1382643204599
194.56515999999996 192.33756000000002 193.1 1382643204674
194.56515999999996 192.33756000000002 193.11 1382643204822
193.97279999999998 192.33756000000002 193.11 1382643204924
194.1047721619319 192.33756000000002 193.11 1382643205049
194.1047721619319 192.33756000000002 193.2 1382643205122
194.1047721619319 192.4272 193.2 1382643205275
194.56515999999996 192.4272 193.2 1382643205372
194.564156 192.4272 193.2 1382643205525
194.564156 192.4272 193.11 1382643205644
194.564156 192.33756000000002 193.11 1382643205702
194.564156 192.33756000000002 193.12 1382643205862
194.564156 192.34752 193.12 1382643205939
194.56014000000002 192.34752 193.12 1382643206080
194.564156 192.34752 193.12 1382643206264
194.564156 192.34752 193.2 1382643206265
194.564156 192.4272 193.2 1382643206358
194.563152 192.4272 193.2 1382643206481
194.37339599999999 192.4272 193.2 1382643206870
193.97279999999998 192.34752 193.2 1382643206871
193.97279999999998 192.34752 193.12 1382643206873
194.32919904949642 192.34752 193.12 1382643206973
194.32919904949642 192.4272 193.12 1382643207087
194.37439999999998 192.4272 193.12 1382643207242
194.37439999999998 192.4272 193.2 1382643207294
194.37339599999999 192.4272 193.2 1382643207450
194.37339599999999 192.4272 193.12 1382643207497
194.37339599999999 192.34752 193.12 1382643207597
193.971796 192.34752 193.12 1382643207959
193.89051657601118 192.19911599999998 193.12 1382643207959
193.89051657601118 192.19911599999998 192.971 1382643208023
193.74489200000002 192.19911599999998 192.971 1382643208182
193.88224548621827 192.19911599999998 192.971 1382643208226
193.88224548621827 192.19911599999998 192.973 1382643208226
193.88224548621827 192.20110799999998 192.973 1382643208378
193.74299257212883 192.20110799999998 192.973 1382643208426
193.74299257212883 192.20110799999998 192.73 1382643208426
193.02904 191.44315199999997 192.73 1382643208683
193.02904 191.44315199999997 192.212 1382643208695
193.02904 191.49096 192.212 1382643208978
193.74087599999996 191.49096 192.212 1382643208979
193.74087599999996 191.49096 192.26 1382643209003
193.89248 191.49096 192.26 1382643209190
193.89248 191.49096 192.212 1382643209203
193.89248 191.44315199999997 192.212 1382643209402
192.98888 191.44315199999997 192.212 1382643209422
192.98888 191.44315199999997 192.26 1382643209636
193.87203321388876 191.44315199999997 192.26 1382643209637
193.87203321388876 191.49096 192.26 1382643209723
193.87203321388876 191.49096 192.972 1382643209852
193.87203321388876 191.42124 192.972 1382643209926
192.959764 191.42124 192.19 1382643210069
192.959764 191.42124 192.22 1382643210123
192.959764 191.45112 192.22 1382643210266
193.89248 191.45112 192.22 1382643210323
193.89248 191.45112 192.972 1382643210464
193.89248 192.200112 192.972 1382643210564
193.89248 192.20110799999998 192.972 1382643210725
193.89248 192.20110799999998 192.973 1382643210764
193.89248 192.20110799999998 192.26 1382643210877
193.89248 191.49096 192.26 1382643211046
193.89248 191.49096 192.32 1382643211090
193.89248 191.55071999999998 192.32 1382643211190
193.89248 191.58571617888106 192.32 1382643211590
193.89248 191.42223600000003 192.22 1382643211860
193.89147599999998 191.452116 192.221 1382643211860
193.89248 191.452116 192.221 1382643211894
193.89248 191.452116 192.222 1382643212067
193.89248 191.453112 192.222 1382643212094
192.98988400000002 191.453112 192.222 1382643212260
192.98988400000002 191.453112 192.191 1382643212294
192.98988400000002 191.452116 192.191 1382643212453
193.89147599999998 191.452116 192.191 1382643212494
193.89147599999998 191.452116 192.221 1382643212611
193.89147599999998 191.453112 192.221 1382643212694
193.89147599999998 191.453112 192.222 1382643212965
193.88605581596187 191.453112 192.222 1382643212966
193.88605581596187 191.453112 192.3 1382643213012
193.88605581596187 192.34752 192.3 1382643213112
193.97279999999998 192.34752 192.3 1382643213215
193.97279999999998 192.34752 193.12 1382643213324
193.97279999999998 192.42630861550916 193.12 1382643213412
194.17369264636676 192.42630861550916 193.12 1382643213549
194.17369264636676 192.42630861550916 193.2 1382643213612
194.17369264636676 192.30768 193.2 1382643213783
193.89248 192.30768 193.2 1382643213812
193.89248 192.30768 193.08 1382643213974
193.89248 192.34752 193.08 1382643214253
193.97279999999998 192.34752 192.687 1382643214253
193.97279999999998 191.452116 192.687 1382643214401
192.98988400000002 191.452116 192.687 1382643214424
192.98988400000002 191.452116 192.22 1382643214524
192.98988400000002 191.42223600000003 192.22 1382643214624
193.27041263217254 191.42223600000003 192.22 1382643214753
193.27041263217254 191.452116 192.22 1382643214824
194.37339599999999 191.452116 192.22 1382643214924
194.37339599999999 191.452116 192.191 1382643215051
194.37339599999999 191.42124 192.191 1382643215245
193.971796 191.42124 192.19 1382643215246
193.971796 191.629404 192.19 1382643215324
193.88746 191.629404 192.19 1382643215424
193.88746 191.629404 192.399 1382643215545
193.88746 191.42124 192.399 1382643215709
192.95876 191.24195999999995 192.01 1382643215836
192.95876 191.232996 192.01 1382643215923
192.95876 191.232996 192.001 1382643216023
192.95876 191.233992 192.001 1382643216123
192.95876 191.233992 192.002 1382643216273
192.95876 191.42124 192.002 1382643216373
193.168596 191.42124 192.002 1382643216509
193.168596 191.233992 192.002 1382643216600
193.16759199999998 191.233992 192.002 1382643216742
193.16759199999998 191.232996 192.002 1382643216825
192.77000800000002 191.232996 192.002 1382643216931
192.77000800000002 191.232996 192.001 1382643217125
192.77000800000002 191.233992 192.001 1382643217225
193.16759199999998 191.233992 192.001 1382643217325
193.16759199999998 191.233992 192.002 1382643217425
193.168596 191.233992 192.002 1382643217771
193.168596 191.628408 192.005 1382643217772
193.168596 191.628408 192.399 1382643217947
193.168596 191.629404 192.399 1382643218065
193.8632674008439 191.629404 192.399 1382643218148
193.8632674008439 191.629404 192.005 1382643218309
193.8632674008439 191.237976 192.005 1382643218347
193.64376240294715 191.237976 192.005 1382643218525
193.64376240294715 191.237976 192.19 1382643218548
193.64376240294715 191.42124 192.19 1382643218936
193.168596 191.237976 192.006 1382643218936
193.886456 191.237976 192.006 1382643218987
193.886456 191.237976 192.007 1382643219099
193.886456 191.23877136770184 192.007 1382643219225
193.168596 191.23877136770184 192.007 1382643219325
193.168596 191.23877136770184 192.006 1382643219449
193.168596 191.237976 192.006 1382643219540
192.774024 191.237976 192.005 1382643219640
192.774024 191.23698 192.005 1382643219728
193.168596 191.23698 192.005 1382643219950
193.168596 191.23698 192.006 1382643220075
193.168596 191.23698 192.1 1382643220262
193.168596 191.33159999999998 192.1 1382643220306
193.168596 191.629404 192.1 1382643220498
193.757944 191.629404 192.1 1382643220598
193.757944 191.629404 192.399 1382643220875
193.97279999999998 191.33159999999998 192.399 1382643220987
193.97279999999998 191.6304 192.399 1382643221174
193.97279999999998 191.6304 192.1 1382643221294
193.97279999999998 191.33159999999998 192.1 1382643221397
194.21141182388553 191.33159999999998 192.1 1382643221772
194.21141182388553 191.94712800000002 192.1 1382643221914
194.20488266187226 191.94712800000002 192.1 1382643222040
194.20488266187226 191.94712800000002 192.718 1382643222151
194.20488266187226 191.581596 192.718 1382643222251
193.77200000000002 191.581596 192.718 1382643222454
193.77200000000002 191.581596 192.351 1382643222553
193.77200000000002 191.581596 192.101 1382643222769
193.59231543740324 191.581596 192.101 1382643222953
193.59231543740324 191.332596 192.101 1382643222969
192.869404 191.332596 192.101 1382643223069
192.869404 191.332596 192.1 1382643223169
192.869404 191.33159999999998 192.1 1382643223335
193.00078427820668 191.33159999999998 192.1 1382643223422
193.59231543740324 191.33159999999998 192.1 1382643223543
193.59231543740324 191.33159999999998 192.101 1382643223735
193.59231543740324 191.332596 192.101 1382643223753
193.59231543740324 191.33259224347836 192.1 1382643223972
192.869404 191.33259224347836 192.1 1382643224082
194.17845053178246 191.33259224347836 192.1 1382643224323
194.17845053178246 191.3325986223273 192.101 1382643224324
194.17845053178246 191.332596 192.101 1382643224369
193.82587704008984 191.332596 192.101 1382643224469
193.82587704008984 191.332596 192.14 1382643224591
193.82587704008984 191.366717274409 192.14 1382643224740
193.81331272832549 191.366717274409 192.14 1382643224911
193.81331272832549 191.36683836993703 192.14 1382643224940
193.81331272832549 191.332596 192.14 1382643225324
193.48786800000002 191.332596 192.211 1382643225324
193.48786800000002 191.442156 192.211 1382643225587
193.48786800000002 191.442156 192.717 1382643225587
193.79627540688642 191.442156 192.717 1382643225686
193.79627540688642 191.442156 192.211 1382643225888
193.55429212543797 191.442156 192.211 1382643225888
193.76098228931832 191.946132 192.211 1382643225998
193.76098228931832 191.946132 192.717 1382643226086
193.76098228931832 191.946132 192.211 1382643226186
192.979844 191.946132 192.211 1382643226286
192.979844 191.33159999999998 192.211 1382643226286
192.979844 191.33159999999998 192.1 1382643226602
193.56139509208512 191.442156 192.211 1382643226602
193.55312230345757 191.442156 192.211 1382643227044
193.5548755640806 191.442156 192.1 1382643227067
193.5548755640806 191.33159999999998 192.1 1382643227162
193.5548755640806 191.33159999999998 192.717 1382643227324
193.5548755640806 191.87468800073788 192.717 1382643227476
193.97279999999998 191.87468800073788 192.717 1382643227582
193.97279999999998 191.23698 192.717 1382643227708
192.8684 191.23698 192.717 1382643227854
192.8684 191.23698 192.005 1382643227854
193.96825838876978 191.23698 192.005 1382643227976
